"","IDNO","BODYFAT","DENSITY","AGE","WEIGHT","HEIGHT","ADIPOSITY","NECK","CHEST","ABDOMEN","HIP","THIGH","KNEE","ANKLE","BICEPS","FOREARM","WRIST","WEIGHT_kg","HEIGHT_m","ADIPOSITY_calculated","mismatch"
"1",1,12.6,1.0708,23,154.25,67.75,23.7,36.2,93.1,85.2,94.5,59,37.3,21.9,32,27.4,17.1,69.966566,1.72085,23.6267794167919,FALSE
"2",2,6.9,1.0853,22,173.25,72.25,23.4,38.5,93.6,83,98.7,58.7,37.3,23.4,30.5,28.9,18.2,78.584814,1.83515,23.3343384898956,FALSE
"3",3,24.6,1.0414,22,154,66.25,24.7,34,95.8,87.9,99.2,59.6,38.9,24,28.8,25.2,16.6,69.853168,1.68275,24.6687366482601,FALSE
"4",4,10.9,1.0751,26,184.75,72.25,24.9,37.4,101.8,86.4,101.2,60.1,37.3,22.8,32.4,29.4,18.2,83.801122,1.83515,24.8832267590662,FALSE
"5",5,27.8,1.034,24,184.25,71.25,25.6,34.4,97.3,100,101.9,63.2,42.2,24,32.2,27.7,17.7,83.574326,1.80975,25.5173583268065,FALSE
"6",6,20.6,1.0502,24,210.25,74.75,26.5,39,104.5,94.4,107.8,66,42,25.6,35.7,30.6,18.8,95.367718,1.89865,26.4552313357599,FALSE
"7",7,19,1.0549,26,181,69.75,26.2,36.4,105.1,90.7,100.3,58.4,38.3,22.9,31.9,27.8,17.7,82.100152,1.77165,26.157010338712,FALSE
"8",8,12.8,1.0704,25,176,72.5,23.6,37.8,99.6,88.5,97.1,60,39.4,23.2,30.5,29,18.8,79.832192,1.8415,23.5415258178911,FALSE
"9",9,5.1,1.09,25,191,74,24.6,38.1,100.9,82.5,99.9,62.9,38.3,23.8,35.9,31.1,18.2,86.636072,1.8796,24.5226771680716,FALSE
"10",10,12,1.0722,23,198.25,73.5,25.8,42.1,99.6,88.6,104.1,63.1,41.7,25,35.6,30,19.2,89.924614,1.8669,25.8009959677655,FALSE
"11",11,7.5,1.083,26,186.25,74.5,23.6,38.5,101.5,83.6,98.2,59.7,39.7,25.2,32.8,29.4,18.5,84.48151,1.8923,23.5929196690608,FALSE
"12",12,8.5,1.0812,27,216,76,26.3,39.4,103.6,90.9,107.7,66.2,39.2,25.9,37.2,30.2,19,97.975872,1.9304,26.2920542461584,FALSE
"13",13,20.5,1.0513,32,180.5,69.5,26.3,38.4,102,91.6,103.9,63.4,38.3,21.5,32.5,28.6,17.7,81.873356,1.7653,26.272751018666,FALSE
"14",14,20.8,1.0505,30,205.25,71.25,28.5,39.4,104.1,101.8,108.6,66,41.5,23.7,36.9,31.6,18.8,93.099758,1.80975,28.4257139569989,FALSE
"15",15,21.7,1.0484,35,187.75,69.5,27.4,40.5,101.3,96.4,100.1,69,39,23.1,36.1,30.5,18.2,85.161898,1.7653,27.3280277216318,FALSE
"16",16,20.5,1.0512,35,162.75,66,26.3,36.4,99.1,92.8,99.2,63.1,38.7,21.7,31.1,26.4,16.9,73.822098,1.6764,26.2682462692749,FALSE
"17",17,28.1,1.0333,34,195.75,71,27.3,38.9,101.9,96.4,105.2,64.8,40.8,23.1,36.2,30.8,17.3,88.790634,1.8034,27.3012810854029,FALSE
"18",18,22.4,1.0468,32,209.25,71,29.2,42.1,107.6,97.5,107,66.9,40,24.4,38.2,31.6,19.3,94.914126,1.8034,29.18412805681,FALSE
"19",19,16.1,1.0622,28,183.75,67.75,28.2,38,106.8,89.6,102.4,64.2,38.7,22.9,37.2,30.5,18.5,83.34753,1.72085,28.1453531140066,FALSE
"20",20,16.5,1.061,33,211.75,73.5,27.6,40,106.2,100.5,109,65.8,40.6,24,37.1,30.1,18.2,96.048106,1.8669,27.5579364245868,FALSE
"21",21,19,1.0551,28,179,68,27.3,39.1,103.3,95.9,104.9,63.5,38,22.1,32.5,30.3,18.4,81.192968,1.7272,27.2165553846679,FALSE
"22",22,15.3,1.064,28,200.5,69.75,29.1,41.3,111.4,98.8,104.8,63.4,40.6,24.6,33,32.8,19.9,90.945196,1.76784175404756,28.9750307895678,TRUE
"23",23,15.7,1.0631,31,140.25,68.25,21.2,33.9,86,76.4,94.6,57.4,35.3,22.2,27.9,25.9,16.7,63.616278,1.73355,21.1687645047391,FALSE
"24",24,17.6,1.0584,32,148.75,70,21.4,35.5,86.7,80,93.4,54.9,36.2,22.1,29.8,26.7,17.1,67.47181,1.778,21.3431662577611,FALSE
"25",25,14.2,1.0668,28,151.25,67.75,23.2,34.5,90.2,76.3,95.8,58.4,35.5,22.9,31.1,28,17.6,68.60579,1.72085,23.1672634475836,FALSE
"26",26,4.6,1.0911,27,159.25,71.5,21.9,35.7,89.6,79.7,96.5,55,36.7,22.5,29.9,28.2,17.7,72.234526,1.8161,21.9010688498173,FALSE
"27",27,8.5,1.0811,34,131.5,67.5,20.3,36.2,88.6,74.6,85.3,51.7,34.7,21.4,28.7,27,16.5,59.647348,1.7145,20.2915938122686,FALSE
"28",28,22.4,1.0468,31,148,67.5,22.9,38.8,97.4,88.7,94.7,57.5,36,21,29.2,26.6,17,67.131616,1.7145,22.8376873324391,FALSE
"29",29,4.7,1.091,27,133.25,64.75,22.4,36.4,93.5,73.9,88.5,50.1,34.5,21.3,30.5,27.9,17.2,60.441134,1.64465,22.3452709572941,FALSE
"30",30,9.4,1.079,29,160.75,69,23.8,36.7,97.4,83.5,98.7,58.9,35.3,22.6,30.1,26.7,17.6,72.914914,1.7526,23.738362263534,FALSE
"31",31,12.3,1.0716,32,182,73.75,23.6,38.7,100.5,88.7,99.8,57.5,38.7,33.9,32.5,27.7,18.4,82.553744,1.87325,23.5258482720355,FALSE
"32",32,6.5,1.0862,29,160.25,71.25,22.2,37.3,93.5,84.5,100.6,58.5,38.8,21.5,30.1,26.4,17.9,72.688118,1.80975,22.1935233208724,FALSE
"33",33,13.4,1.0719,27,168,71.25,23.3,38.1,93,79.1,94.5,57.3,36.2,24.5,29,30,18.8,76.203456,1.80975,23.2668450415387,FALSE
"34",34,20.9,1.0502,41,218.5,71,30.5,39.8,111.7,100.5,108.3,67.1,44.2,25.2,37.5,31.5,18.7,99.109852,1.8034,30.4742269075889,FALSE
"35",35,31.1,1.0263,41,247.25,73.5,32.2,42.1,117,115.6,116.1,71.2,43.3,26.3,37.3,31.7,19.7,112.150622,1.8669,32.1780391073393,FALSE
"36",36,38.2,1.0101,49,191.75,65,32,38.4,118.5,113.1,113.8,61.9,38.3,21.9,32,29.8,17,86.976266,1.651,31.9085164324175,FALSE
"37",37,23.6,1.0438,40,202.25,70,29.1,38.5,106.5,100.9,106.2,63.5,39.9,22.6,35.1,30.6,19,91.738982,1.778,29.0195319370231,FALSE
"38",38,27.5,1.0346,50,196.75,68.25,29.7,42.1,105.6,98.8,104.8,66,41.5,24.7,33.2,30.5,19.4,89.244226,1.73355,29.6966446795538,FALSE
"39",39,33.8,1.0202,46,363.15,72.25,48.9,51.2,136.2,148.1,147.7,87.3,49.1,29.6,45,29,21.4,164.7219348,1.83515,48.9111978216773,FALSE
"40",40,31.3,1.0258,50,203,67,31.8,40.2,114.8,108.1,102.5,61.3,41.1,24.7,34.1,31,18.3,92.079176,1.7018,31.7939425809794,FALSE
"41",41,33.1,1.0217,45,262.75,68.75,39.1,43.2,128.3,126.2,125.6,72.5,39.6,26.6,36.4,32.7,21.4,119.181298,1.74625,39.0836641560886,FALSE
"42",42,31.7,1.025,44,205,29.5,29.9,36.6,106,104.3,115.5,70.6,42.5,23.7,33.6,28.7,17.4,92.98636,1.76349417512098,165.618093948052,TRUE
"43",43,30.4,1.0279,48,217,70,31.2,37.3,113.3,111.2,114.1,67.7,40.9,25,36.7,29.8,18.4,98.429464,1.778,31.1359131289691,FALSE
"44",44,30.8,1.0269,41,212,71.5,29.2,41.5,106.6,104.3,106,65,40.2,23,35.8,31.5,18.8,96.161504,1.8161,29.1555830214208,FALSE
"45",45,8.4,1.0814,39,125.25,68,19.1,31.5,85.1,76,88.2,50,34.7,21,26.1,23.1,16.1,56.812398,1.7272,19.0439863794953,FALSE
"46",46,14.1,1.067,43,164.25,73.25,21.3,35.7,96.6,81.5,97.2,58.4,38.2,23.4,29.7,27.4,18.3,74.502486,1.87023241758201,21.522269894008,TRUE
"47",47,11.2,1.0742,40,133.5,67.5,20.6,33.6,88.2,73.7,88.5,53.3,34.5,22.5,27.9,26.2,17.3,60.554532,1.7145,20.6002112086529,FALSE
"48",48,6.4,1.0665,39,148.5,71.25,20.6,34.6,89.8,79.5,92.7,52.7,37.5,21.9,28.8,26.8,17.9,67.358412,1.80975,20.5662290992172,FALSE
"49",49,13.4,1.0678,45,135.75,68.5,20.4,32.8,92.3,83.4,90.4,52,35.8,20.6,28.8,25.5,16.3,61.575114,1.7399,20.3402669472503,FALSE
"50",50,5,1.0903,47,127.5,66.75,20.2,34,83.4,70.4,87.2,50.6,34.4,21.9,26.8,25.8,16.8,57.83298,1.69545,20.1189632695303,FALSE
"51",51,10.7,1.0756,47,158.25,72.25,21.3,34.9,90.2,86.7,98.3,52.6,37.2,22.4,26,25.8,17.3,71.780934,1.83515,21.3140494431514,FALSE
"52",52,7.4,1.084,40,139.25,69,20.6,34.3,89.2,77.9,91,51.4,34.9,21,26.7,26.1,17.2,63.162686,1.7526,20.5634024584579,FALSE
"53",53,8.7,1.0807,51,137.25,67.75,21.1,36.5,89.7,82,89.1,49.3,33.7,21.4,29.6,26,16.9,62.255502,1.72085,21.0228555912784,FALSE
"54",54,7.1,1.0848,49,152.75,73.5,19.9,35.1,93.3,79.6,91.6,52.6,37.6,22.6,38.5,27.4,18.5,69.286178,1.8669,19.8794559095898,FALSE
"55",55,4.9,1.0906,42,136.25,67.5,21.1,37.8,87.6,77.6,88.6,51.9,34.9,22.5,27.7,27.5,18.5,61.80191,1.7145,21.0245601286813,FALSE
"56",56,22.2,1.0473,54,198,72,26.9,39.9,107.6,100,99.6,57.2,38,22,35.9,30.2,18.9,89.811216,1.8288,26.8533300955491,FALSE
"57",57,20.1,1.0524,58,181.5,68,27.6,39.1,100,99.8,102.5,62.1,39.6,22.5,33.1,28.3,18.5,82.326948,1.7272,27.5966748732805,FALSE
"58",58,27.1,1.0356,62,201.25,69.5,29.3,40.5,111.5,104.2,105.8,61.8,39.8,22.7,37.7,30.9,19.2,91.28539,1.7653,29.2930257202577,FALSE
"59",59,30.4,1.028,54,202.5,70.75,28.4,40.5,115.4,105.3,97,59.1,38,22.5,31.6,28.8,18.2,91.85238,1.79705,28.4426522979081,FALSE
"60",60,24,1.043,61,179.75,65.75,29.2,38.4,104.8,98.3,99.6,60.6,37.7,22.9,34.5,29.6,18.5,81.533162,1.67005,29.2331313399489,FALSE
"61",61,25.4,1.0396,62,216,73.25,28.2,41.4,112.3,104.8,103.1,61.6,40.9,23.1,36.2,31.8,20.2,97.975872,1.86395324569251,28.3032590386955,TRUE
"62",62,28.8,1.0317,56,178.75,68.5,26.8,35.6,102.9,94.7,100.8,60.9,38,22.1,32.5,29.8,18.3,81.07957,1.7399,26.7832244333038,FALSE
"63",63,29.6,1.0298,54,193.25,70.25,27.6,38,107.6,102.4,99.4,61,39.4,23.6,32.7,29.9,19.1,87.656654,1.78435,27.5311782649502,FALSE
"64",64,25.1,1.0403,61,178,67,27.9,37.4,105.3,99.7,99.7,60.8,40.1,22.7,33.6,29,18.8,80.739376,1.7018,27.878432410908,FALSE
"65",65,31,1.0264,57,205.5,70,29.5,40.1,105.3,105.5,108.3,65,41.2,24.7,35.3,31.1,18.4,93.213156,1.778,29.4858532166044,FALSE
"66",66,28.9,1.0313,55,183.5,67.5,28.3,40.9,103,100.3,104.2,64.8,40.2,22.7,34.8,30.1,18.7,83.234132,1.7145,28.3156461182607,FALSE
"67",67,21.1,1.0499,54,151.5,70.75,21.3,35.6,90,83.9,93.9,55,36.1,21.7,29.6,27.4,17.4,68.719188,1.79705,21.2793176451016,FALSE
"68",68,14,1.0673,55,154.75,71.5,21.3,36.9,95.4,86.6,91.8,54.3,35.4,21.5,32.8,27.4,18.7,70.193362,1.8161,21.2822003422871,FALSE
"69",69,7.1,1.0847,54,155.25,69.25,22.8,37.5,89.3,78.4,96.1,56,37.4,22.4,32.6,28.1,18.1,70.420158,1.75895,22.7609301730353,FALSE
"70",70,13.2,1.0693,55,156.75,71.5,21.6,36.3,94.4,84.6,94.3,51.2,37.4,21.6,27.3,27.1,17.3,71.100546,1.8161,21.5572530123005,FALSE
"71",71,23.7,1.0439,62,167.5,71.5,23.1,35.5,97.6,91.5,98.5,56.6,38.6,22.4,31.5,27.3,18.6,75.97666,1.8161,23.0356611136226,FALSE
"72",72,9.4,1.0788,55,146.75,68.75,21.9,38.7,88.5,82.8,95.5,58.9,37.6,21.6,30.3,27.3,18.3,66.564626,1.74625,21.8288400186718,FALSE
"73",73,9.1,1.0796,56,160.75,73.75,20.8,36.4,93.6,82.9,96.3,52.9,37.5,23.1,29.7,27.3,18.2,72.914914,1.87325,20.7790115919215,FALSE
"74",74,13.7,1.068,55,125,64,21.5,33.2,87.7,76,88.6,50.9,35.4,19.1,29.3,25.7,16.9,56.699,1.6256,21.4559633220829,FALSE
"75",75,12,1.072,61,143,65.75,23.3,36.5,93.4,83.3,93,55.5,35.2,20.9,29.4,27,16.8,64.863656,1.67005,23.256399341378,FALSE
"76",76,18.3,1.0666,61,148.25,67.5,22.9,36,91.6,81.8,94.8,54.5,37,21.4,29.3,27,18.3,67.245014,1.7145,22.8762645069872,FALSE
"77",77,9.2,1.079,57,162.5,69.5,23.7,38.7,91.6,78.8,94.3,56.7,39.7,24.2,30.2,29.2,18.1,73.7087,1.7653,23.6527536871646,FALSE
"78",78,21.7,1.0483,69,177.75,68.5,26.7,38.7,102,95,98.3,55,38.3,21.8,30.8,25.7,18.8,80.625978,1.7399,26.6333882126979,FALSE
"79",79,21.1,1.0498,81,161.25,70.25,23,37.8,96.4,95.4,99.3,53.5,37.5,21.5,31.4,26.8,18.3,73.14171,1.78435,22.9723285651913,FALSE
"80",80,18.6,1.056,66,171.25,69.25,25.1,37.4,102.7,98.6,100.2,56.5,39.3,22.7,30.3,28.7,19,77.67763,1.75895,25.1066621071323,FALSE
"81",81,30.2,1.0283,67,163.75,67.75,25.1,38.4,97.7,95.8,97.1,54.8,38.2,23.7,29.4,27.2,19,74.27569,1.72085,25.0819133192848,FALSE
"82",82,26,1.0382,64,150.25,67.25,23.4,38.1,97.1,89,96.9,54.8,38,22,29.9,25.2,17.7,68.152198,1.70815,23.3575806132555,FALSE
"83",83,18.2,1.0568,64,190.25,72.75,25.3,39.3,103.1,97.8,99.6,58.9,39,23,34.3,29.6,19,86.295878,1.84785,25.2729898641267,FALSE
"84",84,26.2,1.0377,70,170.75,70,24.5,38.7,101.8,94.9,95,56,36.5,24.1,31.2,27.3,19.2,77.450834,1.778,24.4998026118501,FALSE
"85",85,26.1,1.0378,72,168,69.25,24.7,38.5,101.4,99.8,96.2,56.3,36.6,22,29.7,26.3,18,76.203456,1.75895,24.6301853080188,FALSE
"86",86,25.8,1.0386,67,167,67.5,26,36.5,98.9,89.7,96.2,54.7,37.8,33.7,32.4,27.7,18.2,75.749864,1.70688497201549,25.7695525980901,TRUE
"87",87,15,1.0648,72,157.75,67.25,24.6,37.7,97.5,88.1,96.9,57.2,37.7,21.8,32.6,28,18.8,71.554138,1.70815,24.5235164175777,FALSE
"88",88,22.6,1.0462,64,160,65.75,26,36.5,104.3,90.9,93.8,57.8,39.5,23.3,29.2,28.4,18.1,72.57472,1.67005,26.0211461162271,FALSE
"89",89,8.8,1.08,46,176.75,72.5,23.7,38,97.3,86,99.3,61,38.4,23.8,30.2,29.3,18.8,80.172386,1.8415,23.641844819956,FALSE
"90",90,14.3,1.0666,48,176,73,23.3,36.7,96.7,86.5,98.3,60.4,39.9,24.4,28.8,29.6,18.7,79.832192,1.8542,23.2201435692044,FALSE
"91",91,20.2,1.052,46,177,70,25.4,37.2,99.7,95.6,102.2,58.3,38.2,22.5,29.1,27.7,17.7,80.285784,1.778,25.3965743033527,FALSE
"92",92,18.1,1.0573,44,179.75,69.5,26.2,39.2,101.9,93.2,100.6,58.9,39.7,23.1,31.4,28.4,18.8,81.533162,1.7653,26.1635844631867,FALSE
"93",93,9.2,1.0795,47,165.25,70.5,23.4,37.5,97.2,83.1,95.4,56.9,38.3,22.1,30.1,28.2,18.4,74.956078,1.7907,23.3755149669144,FALSE
"94",94,24.2,1.0424,46,192.5,71.75,26.3,38,106.6,97.5,100.6,58.9,40.5,24.5,33.3,29.6,19.1,87.31646,1.82245,26.289654346964,FALSE
"95",95,9.6,1.0785,47,184.25,74.5,23.4,37.3,99.6,88.8,101.4,57.4,39.6,24.6,30.3,27.9,17.8,83.574326,1.8923,23.3395728806682,FALSE
"96",96,17.3,1.0991,53,224.5,77.75,26.1,41.1,113.2,99.2,107.5,61.7,42.3,23.2,32.9,30.8,20.4,101.831404,1.97485,26.1103986729639,FALSE
"97",97,10.1,1.077,38,188.75,73.25,24.8,37.5,99.1,91.6,102.4,60.6,39.4,22.9,31.6,30.1,18.5,85.61549,1.86055,24.7325932571934,FALSE
"98",98,11.1,1.073,50,162.5,66.5,25.9,38.7,99.4,86.7,96.2,62.1,39.3,23.3,30.6,27.8,18.2,73.7087,1.6891,25.8349739380241,FALSE
"99",99,17.7,1.0582,46,156.5,68.25,23.7,35.9,95.1,88.2,92.8,54.7,37.3,21.9,31.6,27.5,18.2,70.987148,1.73355,23.6214734045752,FALSE
"100",100,21.7,1.0484,47,197,72,26.7,40,107.5,94,103.7,62.7,39,22.3,35.3,30.9,18.3,89.357624,1.8288,26.7177072162786,FALSE
"101",101,20.8,1.0506,49,198.5,73.5,25.9,40.1,106.5,95,101.7,59,39.4,22.3,32.2,31,18.6,90.038012,1.8669,25.833531902151,FALSE
"102",102,20.1,1.0524,48,173.75,72,23.6,37,99.1,92,98.3,59.3,38.4,22.4,27.9,26.2,17,78.81161,1.8288,23.5644752732407,FALSE
"103",103,19.8,1.053,41,172.75,71.25,24,36.3,96.7,89.2,98.3,60,38.4,23.2,31,29.2,18.4,78.358018,1.80975,23.9246873864631,FALSE
"104",104,21.9,1.048,49,196.75,73.75,25.5,40.7,103.5,95.5,101.6,59.1,39.8,25.4,31,30.3,19.7,89.244226,1.87325,25.4324760852912,FALSE
"105",105,24.7,1.0412,43,177,69.25,26,39.6,104,98.6,99.5,59.5,36.1,22,30.1,27.2,17.7,80.285784,1.75895,25.9496595209484,FALSE
"106",106,17.8,1.0578,43,165.5,68.5,24.8,31.1,93.1,87.3,96.6,54.7,39,24.8,31,29.4,18.8,75.069476,1.7399,24.7978945102757,FALSE
"107",107,19.1,1.0547,43,200.25,73.5,26,38.6,105.2,102.8,103.6,61.2,39.3,23.5,30.5,28.5,18.1,90.831798,1.8669,26.0612834428501,FALSE
"108",108,18.2,1.0569,52,203.25,74.25,26,42,110,101.6,100.7,55.8,38.7,23.4,35.1,29.6,19.1,92.192574,1.88595,25.9200354607899,FALSE
"109",109,17.2,1.0593,43,194,75.5,24,38.5,110.1,88.7,102.1,57.5,40,24.8,35.1,30.7,19.2,87.996848,1.9177,23.9279658244418,FALSE
"110",110,21,1.05,40,168.5,69.25,24.7,34.2,97.8,92.3,100.6,57.5,36.8,22.8,32.1,26,17.3,76.430252,1.75895,24.7034894309594,FALSE
"111",111,19.5,1.0538,43,170.75,68.5,25.6,37.2,96.3,90.6,99.3,61.9,38,22.3,33.3,28.2,18.1,77.450834,1.7399,25.5845346684566,FALSE
"112",112,27.1,1.0355,43,183.25,70,26.3,37.1,108,105,103,63.7,40,23.6,33.5,27.8,17.4,83.120734,1.778,26.2933459948553,FALSE
"113",113,21.6,1.0486,47,178.25,70,25.6,40.2,99.7,95,98.6,62.3,38.1,23.9,35.3,31.1,19.8,80.852774,1.778,25.5759286416532,FALSE
"114",114,20.9,1.0503,42,163,70.25,23.3,35.3,93.5,89.6,99.8,61.5,37.8,21.9,30.7,27.6,17.4,73.935496,1.78435,23.2216406581469,FALSE
"115",115,25.9,1.0384,48,175.25,71.75,24,38,100.7,92.4,97.5,59.3,38.1,21.8,31.8,27.3,17.5,79.491998,1.82245,23.9338281782101,FALSE
"116",116,16.7,1.0607,40,158,69.25,23.4,36.3,97,86.6,92.6,55.9,36.3,22.1,29.8,26.3,17.3,71.667536,1.75006148854125,23.1641028492082,TRUE
"117",117,19.8,1.0529,48,177.25,72.75,23.6,36.8,96,90,99.7,58.8,38.4,22.8,29.9,28,18.1,80.399182,1.84785,23.5460575738053,FALSE
"118",118,14.1,1.0671,51,179,72,24.3,41,99.2,90,96.4,56.8,38.8,23.3,33.4,29.8,19.5,81.192968,1.8288,24.2764953894105,FALSE
"119",119,25.1,1.0404,40,191,74,24.6,38.3,95.4,92.4,104.3,64.6,41.1,24.8,33.6,29.5,18.5,86.636072,1.8796,24.5226771680716,FALSE
"120",120,17.9,1.0575,44,187.5,72.25,25.3,38,101.8,87.5,101,58.5,39.2,24.5,32.1,28.6,18,85.0485,1.83515,25.2536130843026,FALSE
"121",121,27,1.0358,52,206.5,74.5,26.2,40.8,104.3,99.2,104.1,58.5,39.3,24.6,33.9,31.2,19.5,93.666748,1.8923,26.1580559015359,FALSE
"122",122,24.6,1.0414,44,185.25,71.5,25.5,39.5,99.2,98.1,101.4,57.1,40.5,23.2,33,29.6,18.4,84.027918,1.8161,25.4767535599916,FALSE
"123",123,14.8,1.0652,40,160.25,68.75,23.9,36.9,99.3,83.3,97.5,60.5,38.7,22.6,34.4,28,17.6,72.688118,1.74625,23.8369445519056,FALSE
"124",124,16,1.0623,47,151.5,66.75,23.9,36.9,94,86.1,95.2,58.1,36.5,22.1,30.6,27.5,17.6,68.719188,1.69545,23.9060622379125,FALSE
"125",125,14,1.0674,50,161,66.5,25.6,37.7,98.9,84.1,94,58.5,36.6,23.5,34.4,29.2,18,73.028312,1.6891,25.5964972555192,FALSE
"126",126,17.4,1.0587,46,167,67,26.2,36.6,101,89.9,100,60.7,36,21.9,35.6,30.2,17.6,75.749864,1.7018,26.1556079360766,FALSE
"127",127,26.4,1.0373,42,177.5,68.75,26.4,38.9,98.7,92.1,98.5,60.7,36.8,22.2,33.8,30.3,17.2,80.51258,1.74625,26.4028558999267,FALSE
"128",128,17.4,1.059,43,152.25,67.75,23.4,37.5,95.9,78,93.2,53.5,35.8,20.8,33.9,28.2,17.4,69.059382,1.72085,23.3204354373197,FALSE
"129",129,20.4,1.0515,40,192.25,73.25,25.2,39.8,103.9,93.5,99.5,61.7,39,21.8,33.3,29.6,18.1,87.203062,1.86055,25.1912108805056,FALSE
"130",130,15,1.0648,42,165.25,69.75,23.9,38.3,96.2,87,97.8,57.4,36.9,22.2,31.6,27.8,17.7,74.956078,1.77165,23.8809168976363,FALSE
"131",131,18,1.0575,49,171.75,71.5,23.7,35.5,97.8,90.1,95.8,57,38.7,23.2,27.5,26.5,17.6,77.904426,1.8161,23.6201480374011,FALSE
"132",132,22.2,1.0472,40,171.25,70.5,24.3,36.3,94.6,90.3,99.1,60.3,38.5,23,31.2,28.4,17.1,77.67763,1.7907,24.2242477342457,FALSE
"133",133,23.1,1.0452,47,197,73.25,25.8,37.8,103.6,99.8,103.2,61.2,38.1,22.6,33.5,28.6,17.9,89.357624,1.86055,25.8136205121436,FALSE
"134",134,25.3,1.0398,50,157,66.75,24.8,37.8,100.4,89.4,92.3,56.1,35.6,20.5,33.6,29.3,17.3,71.213944,1.69545,24.7739390848334,FALSE
"135",135,23.8,1.0435,41,168.25,69.5,24.5,36.5,98.4,87.2,98.4,56,36.9,23,34,29.8,18.1,76.316854,1.7653,24.489697279172,FALSE
"136",136,26.3,1.0374,44,186,69.75,26.8,37.8,104.6,101.1,102.1,58.9,37.9,22.7,30.9,28.8,17.6,84.368112,1.77165,26.8795796850853,FALSE
"137",137,21.4,1.0491,39,166.75,70.75,23.5,37,92.9,86.1,95.6,58.8,36.1,22.4,32.7,28.3,17.1,75.636466,1.79705,23.4212951638329,FALSE
"138",138,28.4,1.0325,43,187.75,74,24.1,37.7,97.8,98.6,100.6,63.6,39.2,23.8,34.3,28.4,17.7,85.161898,1.8796,24.1054064832746,FALSE
"139",139,21.8,1.0481,40,168.25,71.25,23.3,34.3,98.3,88.5,98.3,58.1,38.4,22.5,31.7,27.4,17.6,76.316854,1.80975,23.3014683228505,FALSE
"140",140,20.1,1.0522,49,212.75,75,26.6,40.8,104.7,106.6,107.7,66.5,42.5,24.5,35.5,29.8,18.7,96.501698,1.905,26.5916321877088,FALSE
"141",141,24.3,1.0422,40,176.75,71,24.6,37.4,98.6,93.1,101.6,59.1,39.6,21.6,30.8,27.9,16.6,80.172386,1.8034,24.6513483108299,FALSE
"142",142,18.1,1.0571,40,173.25,69.5,25.3,36.5,99.5,93,99.3,60.4,38.2,22,32,28.5,17.8,78.584814,1.7653,25.2174743157001,FALSE
"143",143,22.7,1.0459,52,167,67.75,25.6,37.5,102.7,91,98.9,57.1,36.7,22.3,31.6,27.5,17.9,75.749864,1.72085,25.5797222859271,FALSE
"144",144,9.9,1.0775,23,159.75,72.25,21.6,35.5,92.1,77.1,93.9,56.1,36.1,22.7,30.5,27.2,18.2,72.461322,1.83515,21.5160783478258,FALSE
"145",145,10.8,1.0754,23,188.15,77.5,22.1,38,96.6,85.3,102.5,59.1,37.6,23.2,31.8,29.7,18.3,85.3433348,1.9685,22.0241304482609,FALSE
"146",146,14.4,1.0664,24,156,70.75,21.9,35.7,92.7,81.9,95.3,56.4,36.5,22,33.5,28.3,17.3,70.760352,1.79705,21.9113765850551,FALSE
"147",147,19,1.055,24,208.5,72.75,27.7,39.2,102,99.1,110.1,71.2,43.5,25.2,36.1,30.3,18.7,94.573932,1.84785,27.6973371178471,FALSE
"148",148,28.6,1.0322,25,206.5,69.75,29.8,40.9,110.9,100.5,106.2,68.4,40.8,24.6,33.3,29.7,18.4,93.666748,1.77165,29.8421140052157,FALSE
"149",149,6.1,1.0873,25,143.75,72.5,19.3,35.2,92.3,76.5,92.1,51.9,35.7,22,25.8,25.2,16.9,65.20385,1.8415,19.2278087291014,FALSE
"150",150,24.5,1.0416,26,223,70.25,31.8,40.6,114.1,106.8,113.9,67.6,42.7,24.7,36,30.4,18.4,101.151016,1.78435,31.7694838451948,FALSE
"151",151,9.9,1.0776,26,152.25,69,22.5,35.4,92.9,77.6,93.5,56.9,35.9,20.4,31.6,29,17.8,69.059382,1.7526,22.4831455964109,FALSE
"152",152,19.1,1.0542,26,241.75,74.5,30.7,41.8,108.3,102.9,114.4,72.9,43.5,25.1,38.5,33.8,19.6,109.655866,1.8923,30.6232930469555,FALSE
"153",153,10.6,1.0758,27,146,72.25,19.7,34.1,88.5,72.8,91.1,53.6,36.8,23.8,27.8,26.3,17.4,66.224432,1.83515,19.6641467216436,FALSE
"154",154,16.5,1.061,27,156.75,67.25,24.4,37.9,94,88.2,95.2,56.8,37.4,22.8,30.6,28.3,17.9,71.100546,1.70815,24.3680583103348,FALSE
"155",155,20.5,1.051,27,200.25,73.5,26.1,38.2,101.1,100.1,105,62.1,40,24.9,33.7,29.2,19.4,90.831798,1.8669,26.0612834428501,FALSE
"156",156,17.2,1.0594,28,171.5,75.25,21.6,35.6,92.1,83.5,98.3,57.3,37.8,21.7,32.2,27.7,17.7,77.791028,1.89774510445462,21.2935988879009,TRUE
"157",157,30.1,1.0287,28,205.75,69,30.4,38.5,105.6,105,106.4,68.6,40,25.2,35.2,30.7,19.1,93.326554,1.7526,30.3836269718328,FALSE
"158",158,10.5,1.0761,28,182.5,72.25,24.6,37,98.5,90.8,102.5,60.8,38.5,25,31.6,28,18.6,82.78054,1.83515,24.5801834020545,FALSE
"159",159,12.8,1.0704,30,136.5,68.75,20.3,35.9,88.7,76.6,89.8,50.1,34.8,21.8,27,34.9,16.9,61.915308,1.74625,20.3041680582535,FALSE
"160",160,22,1.0477,31,177.25,71.5,24.4,36.2,101.1,92.4,99.3,59.4,39,24.6,30.1,28.2,18.2,80.399182,1.8161,24.3765428799379,FALSE
"161",161,9.9,1.0775,31,151.25,72.25,20.4,35,94,81.2,91.5,52.5,36.6,21,27,26.3,16.5,68.60579,1.83515,20.3712478880041,FALSE
"162",162,14.8,1.0653,33,196,73,25.9,38.5,103.8,95.6,105.1,61.4,40.6,25,31.3,29.2,19.1,88.904032,1.8542,25.8587962475231,FALSE
"163",163,13.3,1.069,33,184.25,68.75,24.4,40.7,98.9,92.1,103.5,64,37.3,23.5,33.5,30.6,19.7,83.574326,1.85072345181066,27.4069081665436,TRUE
"164",164,15.2,1.0644,34,140,70.5,19.8,36,89.2,83.4,89.6,52.4,35.6,20.4,28.3,26.2,16.5,63.50288,1.7907,19.8037645710622,FALSE
"165",165,26.5,1.037,34,218.75,72,29.7,39.5,111.4,106,108.8,63.8,42,23.4,34,31.2,18.5,99.22325,1.8288,29.6675048404109,FALSE
"166",166,19,1.0549,35,217,73.75,28.1,40.5,107.5,95.1,104.5,64.8,41.3,25.6,36.4,33.7,19.4,98.429464,1.87325,28.0500498628116,FALSE
"167",167,21.4,1.0492,35,166.25,68,25.3,38.5,99.1,90.4,95.6,55.5,34.2,21.9,30.2,28.7,17.7,75.40967,1.7272,25.2779459927432,FALSE
"168",168,20,1.0525,35,224.75,72.25,30.3,43.9,108.2,100.4,106.8,63.3,41.7,24.6,37.2,33.1,19.8,101.944802,1.83515,30.2706642170507,FALSE
"169",169,34.7,1.018,35,228.25,69.5,33.3,40.4,114.9,115.9,111.9,74.4,40.6,24,36.1,31.8,18.8,103.532374,1.7653,33.2230217175097,FALSE
"170",170,16.5,1.061,35,172.75,69.5,25.2,37.6,99.1,90.8,98.1,60.1,39.1,23.4,32.5,29.8,17.4,78.358018,1.7653,25.1446966120473,FALSE
"171",171,4.1,1.0926,35,152.25,67.75,23.4,37,92.2,81.9,92.8,54.7,36.2,22.1,30.4,27.4,17.7,69.059382,1.72085,23.3204354373197,FALSE
"172",172,1.9,1.0983,35,125.75,65.5,20.6,34,90.8,75,89.2,50,34.8,22,24.8,25.9,16.9,57.039194,1.6637,20.6074069161133,FALSE
"173",173,20.2,1.0521,35,177.25,71,24.8,38.4,100.5,90.3,98.7,57.8,37.3,22.4,31,28.7,17.7,80.399182,1.8034,24.721083383845,FALSE
"174",174,16.8,1.0603,36,176.25,71.5,24.3,38.7,98.2,90.3,99.9,59.2,37.7,21.5,32.4,28.4,17.8,79.94559,1.8161,24.2390165449312,FALSE
"175",175,24.6,1.0414,36,226.75,71.75,31,41.5,115.3,108.8,114.4,69.2,42.4,24,35.4,21,20.1,102.851986,1.82245,30.967164276229,FALSE
"176",176,10.4,1.0763,37,145.25,69.25,21.3,36,96.8,79.4,89.2,50.3,34.8,22.2,31,26.9,16.9,65.884238,1.75895,21.2948477142246,FALSE
"177",177,13.4,1.0689,37,151,67,23.7,35.3,92.6,83.2,96.4,60,38.1,22,31.5,26.6,16.7,68.492392,1.7018,23.649681427231,FALSE
"178",178,28.8,1.0316,37,241.25,71.5,33.2,42.1,119.2,110.3,113.9,69.8,42.6,24.8,34.4,29.5,18.4,109.42907,1.8161,33.1782283203669,FALSE
"179",179,22,1.0477,38,187.25,69.25,27.5,38,102.7,92.7,101.9,64.7,39.5,24.7,34.8,30.3,18.1,84.935102,1.75895,27.4523940412293,FALSE
"180",180,16.8,1.0603,39,234.75,74.5,29.8,42.8,109.5,104.5,109.9,69.5,43.1,25.8,39.1,32.5,19.9,106.480722,1.8923,29.7365792875814,FALSE
"181",181,25.8,1.0387,39,219.25,74.25,28,40,108.5,104.6,109.8,68.1,42.8,24.1,35.6,29,19,99.450046,1.88595,27.9604810567192,FALSE
"182",182,0,1.1089,40,118.5,68,18.1,33.8,79.3,69.4,85,47.2,33.5,20.2,27.7,24.6,16.5,53.750652,1.7272,18.017663760241,FALSE
"183",183,11.9,1.0725,40,145.75,67.25,22.7,35.5,95.5,83.6,91.6,54.1,36.2,21.8,31.4,28.3,17.2,66.111034,1.70815,22.6580191306622,FALSE
"184",184,12.4,1.0713,40,159.25,69.75,23,35.3,92.3,86.8,96.1,58,39.4,22.7,30,26.4,17.4,72.234526,1.77165,23.0138336819884,FALSE
"185",185,17.4,1.0587,40,170.5,74.25,21.8,37.7,98.9,90.4,95.5,55.4,38.9,22.4,30.5,28.9,17.7,77.337436,1.88595,21.743498381622,FALSE
"186",186,9.2,1.0794,40,167.5,71.5,23.1,39.4,89.5,83.7,98.1,57.3,39.7,22.6,32.9,29.3,18.2,75.97666,1.8161,23.0356611136226,FALSE
"187",187,23,1.0453,41,232.75,74.25,29.7,41.9,117.5,109.3,108.8,67.7,41.3,24.7,37.2,31.8,20,105.573538,1.88595,29.6821070282846,FALSE
"188",188,20.1,1.0524,41,210.5,72,28.6,38.5,107.4,98.9,104.1,63.5,39.8,23.5,36.4,30.4,19.1,95.481116,1.8288,28.5486160864297,FALSE
"189",189,20.2,1.052,41,202.25,72.5,27,40.8,109.2,98,101.8,62.8,41.3,24.8,36.6,32.4,18.8,91.738982,1.8415,27.0526908901618,FALSE
"190",190,23.8,1.0434,41,185,68.25,28,38,103.4,101.2,103.1,61.5,40.4,22.9,33.4,29.2,18.5,83.91452,1.73355,27.9231474750569,FALSE
"191",191,11.8,1.0728,41,153,69.25,22.5,36.4,91.4,80.6,92.3,54.3,36.3,21.8,29.6,27.3,17.9,69.399576,1.75895,22.4310616198029,FALSE
"192",192,36.5,1.014,42,244.25,76,29.8,41.8,115.2,113.7,112.4,68.5,45,25.5,37.1,31.2,19.9,110.789846,1.9304,29.7307141186305,FALSE
"193",193,16,1.0624,42,193.5,70.5,27.4,40.7,104.9,94.1,102.7,60.6,38.6,24.7,34,30.1,18.7,87.770052,1.7907,27.3716317464323,FALSE
"194",194,24,1.0429,42,224.75,74.75,28.3,38.5,106.7,105.7,111.8,65.3,43.3,26,33.7,29.9,18.5,101.944802,1.89865,28.279730048571,FALSE
"195",195,22.3,1.047,42,162.75,72.75,21.6,35.4,92.2,85.6,96.5,60.2,38.9,22.4,31.7,27.1,17.1,73.822098,1.84785,21.6198638653698,FALSE
"196",196,24.8,1.0411,42,180,68.25,27.2,38.5,101.6,96.6,100.6,61.1,38.4,24.1,32.9,29.8,18.8,81.64656,1.73355,27.1684678135689,FALSE
"197",197,21.5,1.0488,42,156.25,69,23.1,35.5,97.8,86,96.2,57.7,38.6,24,31.2,27.3,17.4,70.87375,1.7526,23.0738357927041,FALSE
"198",198,17.6,1.0583,42,168,71.5,23.1,36.5,92,89.7,101,62.3,38,22.3,30.8,27.8,16.9,76.203456,1.8161,23.1044242811259,FALSE
"199",199,7.3,1.0841,42,167.25,72.75,22.3,37.6,94,78,99,57.5,40,22.5,30.6,30,18.5,75.863262,1.84785,22.2176481197119,FALSE
"200",200,22.6,1.0462,43,170.75,67.5,26.4,37.4,103.7,89.7,94.2,58.5,39,24.1,33.8,28.8,18.8,77.450834,1.7145,26.3482102163107,FALSE
"201",201,12.5,1.0709,43,178.25,70.25,25.4,37.8,102.7,89.2,99.2,60.2,39.2,23.8,31.7,28.4,18.6,80.852774,1.78435,25.3942174681882,FALSE
"202",202,21.7,1.0484,43,150,69.25,22,35.2,91.1,85.7,96.9,55.5,35.7,22,29.4,26.6,17.4,68.0388,1.75895,21.9912368821597,FALSE
"203",203,27.7,1.034,43,200.5,71.5,27.6,37.9,107.2,103.1,105.5,68.8,38.3,23.7,32.1,28.9,18.7,90.945196,1.8161,27.5740301688438,FALSE
"204",204,6.8,1.0854,44,184,74,23.7,37.9,100.8,89.1,102.6,60.6,39,24,32.9,29.2,18.4,83.460928,1.8796,23.6239403085088,FALSE
"205",205,33.4,1.0209,44,223,69.75,32.3,40.9,121.6,113.9,107.1,63.5,40.3,21.8,34.8,30.7,17.4,101.151016,1.77165,32.2265928482474,FALSE
"206",206,16.6,1.061,44,208.75,73,27.6,41.9,105.6,96.3,102,63.3,39.8,24.1,37.3,23.1,19.4,94.68733,1.8542,27.5409373299512,FALSE
"207",207,31.7,1.025,44,166,65.5,27.2,39.1,100.6,93.9,100.1,58.9,37.6,21.4,33.1,29.5,17.3,75.296272,1.6637,27.2034158892629,FALSE
"208",208,31.5,1.0254,47,195,72.5,26.1,40.2,102.7,101.3,101.7,60.7,39.4,23.3,36.7,31.6,18.4,88.45044,1.8415,26.082940536868,FALSE
"209",209,10.1,1.0771,47,160.5,70.25,22.9,36,99.8,83.9,91.8,53,36.2,22.5,31.4,27.5,17.7,72.801516,1.78435,22.8654805253532,FALSE
"210",210,11.3,1.0742,47,159.75,70.75,22.5,34.5,92.9,84.4,94,56,38.2,22.6,29,26.2,17.6,72.461322,1.79705,22.4380923683497,FALSE
"211",211,7.8,1.0829,49,140.5,68,21.4,35.8,91.2,79.4,89,51.1,35,21.7,30.9,28.8,17.4,63.729676,1.7272,21.3627152600326,FALSE
"212",212,26.4,1.0373,49,216.25,74.5,27.4,40.2,115.6,104,109,63.7,40.3,23.2,36.8,31,18.9,98.08927,1.8923,27.3931214949498,FALSE
"213",213,19.3,1.0543,49,168.25,71.75,23,38.3,98.3,89.7,99.1,56.3,38.8,23,29.5,27.9,18.6,76.316854,1.82245,22.9778407474114,FALSE
"214",214,18.5,1.0561,50,194.75,70.75,27.4,39,103.7,97.6,104.2,60,40.9,25.5,32.7,30,19,88.337042,1.79705,27.3541063457659,FALSE
"215",215,19.3,1.0543,50,172.75,73,22.8,37.4,98.7,87.6,96.1,57.1,38.1,21.8,28.6,26.7,18,78.358018,1.8542,22.7913625089776,FALSE
"216",216,45.1,0.995,51,219,64,37.6,41.2,119.8,122.1,112.8,62.5,36.9,23.6,34.7,29.1,18.4,99.336648,1.6256,37.5908477402892,FALSE
"217",217,13.8,1.0678,51,149.25,69.75,21.6,34.8,92.8,81.1,96.3,53.8,36.5,21.5,31.3,26.3,17.8,67.698606,1.77165,21.5686949892418,FALSE
"218",218,8.2,1.0819,51,154.5,70,22.2,36.9,93.3,81.5,94.4,54.7,39,22.6,27.5,25.9,18.6,70.079964,1.778,22.1681962139434,FALSE
"219",219,23.9,1.0433,52,199.25,71.75,27.2,39.4,106.8,100,105,63.9,39.2,22.9,35.7,30.4,19.2,90.378206,1.82245,27.2114993695199,FALSE
"220",220,15.1,1.0646,53,154.5,69.25,22.7,37.6,93.9,88.7,94.5,53.7,36.2,22,28.5,25.7,17.1,70.079964,1.75895,22.6509739886245,FALSE
"221",221,12.7,1.0706,54,153.25,70.5,24.5,38.5,99,91.8,96.2,57.7,38.1,23.9,31.4,29.9,18.9,69.512974,1.68441807307389,21.678049432252,TRUE
"222",222,25.3,1.0399,54,230,72.25,31,42.5,119.9,110.4,105.5,64.2,42.7,27,38.4,32,19.6,104.32616,1.83515,30.9777653834112,FALSE
"223",223,11.9,1.0726,54,161.75,67.5,25,37.4,94.2,87.6,95.6,59.7,40.2,23.4,27.9,27,17.8,73.368506,1.7145,24.9594319325813,FALSE
"224",224,6.1,1.0874,55,142.25,67.25,22.2,35.2,92.7,82.8,91.9,54.4,35.2,22.5,29.4,26.8,17,64.523462,1.70815,22.1139157553118,FALSE
"225",225,11.3,1.074,55,179.75,68.75,26.8,41.1,106.9,95.3,98.2,57.4,37.1,21.8,34.1,31.1,19.2,81.533162,1.74625,26.737539988799,FALSE
"226",226,12.8,1.0703,55,126.5,66.75,20,33.4,88.8,78.2,87.5,50.8,33,19.7,25.3,22,15.8,57.379388,1.69545,19.961167479181,FALSE
"227",227,14.9,1.065,55,169.5,68.25,25.6,37.2,101.7,91.1,97.1,56.6,38.5,22.6,33.4,29.3,18.8,76.883844,1.73355,25.583640524444,FALSE
"228",228,24.5,1.0418,55,198.5,74.25,25.3,38.3,105.3,96.7,106.6,64,42.6,23.4,33.2,30,18.4,90.038012,1.88595,25.3142781744984,FALSE
"229",229,15,1.0647,56,174.5,69.5,25.4,38.1,104,89.4,98.4,58.4,37.4,22.5,34.6,30.1,18.8,79.151804,1.7653,25.3994185748322,FALSE
"230",230,16.9,1.0601,56,167.75,68.5,25.2,37.4,98.6,93,97,55.4,38.8,23.2,32.4,29.7,19,76.090058,1.7399,25.1350260066389,FALSE
"231",231,11.1,1.0745,57,147.75,65.75,24.1,35.2,99.6,86.4,90.1,53,35,21.3,31.7,27.3,16.9,67.018218,1.67005,24.0289021167035,FALSE
"232",232,16.1,1.062,57,182.25,71.75,24.9,39.4,103.4,96.7,100.7,59.3,38.6,22.8,31.8,29.1,19,82.667142,1.82245,24.8898156090088,FALSE
"233",233,15.5,1.0636,58,175.5,71.5,24.2,38,100.2,88.1,97.8,57.1,38.9,23.6,30.9,29.6,18,79.605396,1.8161,24.1358717936762,FALSE
"234",234,25.9,1.0384,58,161.75,67.25,25.2,35.1,94.9,94.9,100.2,56.8,35.9,21,27.8,26.1,17.6,73.368506,1.70815,25.1453488465496,FALSE
"235",235,25.5,1.0403,60,157.75,67.5,24.1,40.4,97.2,93.3,94,54.3,35.7,21,31.3,28.7,18.3,71.554138,1.72309354629823,24.3421971398127,TRUE
"236",236,18.4,1.0563,62,168.75,67.5,26.1,38.3,104.7,95.6,93.7,54.4,37.1,22.7,30.3,26.3,18.3,76.54365,1.7145,26.0395928199264,FALSE
"237",237,24,1.0424,62,191.5,72.25,25.8,40.6,104,98.2,101.1,59.3,40.3,23,32.6,28.5,19,86.862868,1.83515,25.7923568301011,FALSE
"238",238,26.4,1.0372,63,219.15,69.5,31.9,40.2,117.6,113.8,111.8,63.4,41.1,22.3,35.1,29.6,18.5,99.4046868,1.7653,31.8984675110285,FALSE
"239",239,12.7,1.0705,64,155.25,69.5,22.6,37.9,95.8,82.8,94.5,61.2,39.1,22.3,29.8,28.9,18.3,70.420158,1.7653,22.5974769841988,FALSE
"240",240,28.8,1.0316,65,189.75,65.75,30.9,40.8,106.4,100.5,100.5,59.2,38.1,24,35.9,30.5,19.1,86.069082,1.67005,30.8594529722131,FALSE
"241",241,17,1.0599,65,127.5,65.75,20.8,34.7,93,79.7,87.6,50.7,33.4,20.1,28.5,24.8,16.5,57.83298,1.67005,20.7356008113685,FALSE
"242",242,33.6,1.0207,65,224.5,68.25,33.9,38.8,119.6,118,114.3,61.3,42.1,23.4,34.9,30.1,19.4,101.831404,1.73355,33.8851168008123,FALSE
"243",243,29.3,1.0304,66,234.25,72,31.8,41.4,119.7,109,109.1,63.7,42.4,24.6,35.6,30.7,19.5,106.253926,1.8288,31.7696594691029,FALSE
"244",244,31.4,1.0256,67,227.75,72.75,30.3,41.3,115.8,113.4,109.8,65.6,46,25.4,35.3,29.8,19.5,103.305578,1.84785,30.2545253169768,FALSE
"245",245,28.1,1.0334,67,199.5,68.5,29.9,40.7,118.3,106.1,101.6,58.2,38.8,24.1,32.1,29.3,18.5,90.491604,1.7399,29.8923260108761,FALSE
"246",246,15.3,1.0641,68,155.5,69.25,22.8,36.3,97.4,84.3,94.4,54.3,37.5,22.6,29.2,27.3,18.5,70.533556,1.75895,22.7975822345055,FALSE
"247",247,29.1,1.0308,69,215.5,70.5,30.5,40.8,113.7,107.6,110,63.3,44,22.6,37.5,32.6,18.8,97.749076,1.7907,30.4836518933135,FALSE
"248",248,11.5,1.0736,70,134.25,67,21.1,34.9,89.2,83.6,88.8,49.6,34.8,21.5,25.6,25.7,18.5,60.894726,1.7018,21.0262896132832,FALSE
"249",249,32.3,1.0236,72,201,69.75,29.1,40.9,108.5,105,104.5,59.6,40.8,23.2,35.2,28.6,20.1,91.171992,1.77165,29.0472877242051,FALSE
"250",250,28.3,1.0328,72,186.75,66,30.2,38.9,111.1,111.5,101.7,60.3,37.3,21.5,31.3,27.2,18,84.708306,1.6764,30.141904705297,FALSE
"251",251,25.3,1.0399,72,190.75,70.5,27,38.9,108.3,101.3,97.8,56,41.6,22.7,30.5,29.4,19.8,86.522674,1.7907,26.9826292280722,FALSE
"252",252,30.7,1.0271,74,207.5,70,29.8,40.8,112.4,108.5,107.1,59.3,42.2,24.6,33.7,30,20.9,94.12034,1.778,29.7728201578852,FALSE
